maxIterations = 500
maxRuntime = 86400
checkpointInterval = 3600
noFinalCheckpoint = 0
findDualFeasible = 0
findPrimalFeasible = 0
detectDualFeasibleJump = 0
precision = 760
maxThreads = 4
dualityGapThreshold = 1.e-10
primalErrorThreshold = 1.0000000000000001e-60
dualErrorThreshold = 1.e-20
initialMatrixScalePrimal = 100000000000000000000
initialMatrixScaleDual = 100000000000000000000
feasibleCenteringParameter = 0.1
infeasibleCenteringParameter = 0.3
stepLengthReduction = 0.7
choleskyStabilizeThreshold = 1.0000000000000001e-40
maxComplementarity = 10000000000000000000000000000000000000000000000000000000000000000000000000000000000000000000000000000
